0.1875 0.25 1
0.16919417382415922 0.33838834764831843 1
0.125 0.375 1
0.08080582617584078 0.33838834764831843 1
0.0625 0.25 1
0.08080582617584077 0.16161165235168157 1
0.12499999999999999 0.125 1
0.16919417382415922 0.16161165235168154 1
0.4375 0.25 2
0.41919417382415924 0.33838834764831843 2
0.375 0.375 2
0.33080582617584076 0.33838834764831843 2
0.3125 0.25 2
0.33080582617584076 0.16161165235168157 2
0.375 0.125 2
0.4191941738241592 0.16161165235168154 2
0.6875 0.25 3
0.6691941738241592 0.33838834764831843 3
0.625 0.375 3
0.5808058261758408 0.33838834764831843 3
0.5625 0.25 3
0.5808058261758408 0.16161165235168157 3
0.625 0.125 3
0.6691941738241592 0.16161165235168154 3
0.9375 0.25 1
0.9191941738241592 0.33838834764831843 1
0.875 0.375 1
0.8308058261758408 0.33838834764831843 1
0.8125 0.25 1
0.8308058261758408 0.16161165235168157 1
0.875 0.125 1
0.9191941738241592 0.16161165235168154 1
0.1875 0.75 2
0.16919417382415922 0.8383883476483185 2
0.125 0.875 2
0.08080582617584078 0.8383883476483185 2
0.0625 0.75 2
0.08080582617584077 0.6616116523516815 2
0.12499999999999999 0.625 2
0.16919417382415922 0.6616116523516815 2
0.4375 0.75 3
0.41919417382415924 0.8383883476483185 3
0.375 0.875 3
0.33080582617584076 0.8383883476483185 3
0.3125 0.75 3
0.33080582617584076 0.6616116523516815 3
0.375 0.625 3
0.4191941738241592 0.6616116523516815 3
0.6875 0.75 1
0.6691941738241592 0.8383883476483185 1
0.625 0.875 1
0.5808058261758408 0.8383883476483185 1
0.5625 0.75 1
0.5808058261758408 0.6616116523516815 1
0.625 0.625 1
0.6691941738241592 0.6616116523516815 1
0.9375 0.75 2
0.9191941738241592 0.8383883476483185 2
0.875 0.875 2
0.8308058261758408 0.8383883476483185 2
0.8125 0.75 2
0.8308058261758408 0.6616116523516815 2
0.875 0.625 2
0.9191941738241592 0.6616116523516815 2
